30 30
13  13  13  13  13  13  13  13  13  13  13  13  13  13  13  13  13  13  13  13  13  13  13  13  13  13  13  13  13  13
15  15  15  15  15  15  15  15  15  15  15  15  15  15  15  15  15  15  15  15  15  15  15  15  15  15  15  15  15  15
0	14	1	1	1	1	1	1	1	1	1	1	1	1	1	1   1	1	1	1	1	1	1	1   1	1	1	1	14	0
0	14	14	14	14	14	14	14	14	14	14	14	14	14	1	14	14	14	14	14	14	14	1	14	14	14	14	14	14	0
0	14	0	0	0	0	0	0	0	0	0	0	0	14	1	14	0	0	0	0	0	14	1	14	0	0	0	0	14	0
0	14	0	-1	-1	-1	-1	-1	-1	-1	-1	-1	0	14	1	14	0	-1	-1	-1	0	14	1	14	0	-1	-1	0	14	0
0	14	0	0	0	0	0	0	0	0	0	0	0	14	1	14	0	-1	-1	-1	0	14	1	14	0	-1	-1	0	14	0
0	14	14	14	14	14	14	14	14	14	14	14	14	14	1	14	0	0	0	0	0	14	1	14	0	0	0	0	14	0
0	14	1	1	1	1	1	1	1	1	1	1	1	1	1	14	14	14	14	14	14	14	1	14	14	14	14	14	14	0
0	14	14	14	14	14	14	1	14	14	14	14	14	14	1	1	1   1   1   1   1   1	1	1	1	1	1	1	14	0
0	14	0	0	0	0	14	1	14	0	0	0	0	14	1	14	14	14	14	14	14	14	1	14	14	14	14	14	14	0
0	14	0	-1	-1	0	14	1	14	0	-1	-1	0	14	1	14	0	0	0	0	0	14	1	14	0	0	0	0	14	0
0	14	0	-1	-1	0	14	1	14	0	-1	-1	0	14	1	14	0	-1	-1	-1	0	14	1	14	0	-1	-1	0	14	0
0	14	0	-1	-1	0	14	1	14	0	-1	-1	0	14	1	14	0	0	0	0	0	14	1	14	0	0	0	0	14	0
0	14	0	-1	-1	0	14	1	14	0	-1	-1	0	14	1	14	14	14	14	14	14	14	1	14	14	14	14	14	14	0
0	14	0	-1	-1	0	14	1	14	0	-1	-1	0	14	1	1	1	1	1	1	1	1	1	1	1	1	1	1	14	0
0	14	0	-1	-1	0	14	1	14	0	-1	-1	0	14	1	14	14	14	14	14	14	14	1	14	14	14	14	14	14	0
0	14	0	-1	-1	0	14	1	14	0	-1	-1	0	14	1	14	0	0	0	0	0	14	1	14	0	0	0	0	14	0
0	14	0	-1	-1	0	14	1	14	0	-1	-1	0	14	1	14	0	-1	-1	-1	0	14	1	14	0	-1	-1	0	14	0
0	14	0	0	0	0	14	1	14	0	0	0	0	14	1	14	0	0	0	0	0	14	1	14	0	0	0	0	14	0
0	14	14	14	14	14	14	1	14	14	14	14	14	14	1	14	14	14	14	14	14	14	1	14	14	14	14	14	14	0
0	14	1	1	1	1	1	1	1	1	1	1	1	1	1	1   1	1	1	1	1	1	1	1   1	1	1	1	14	0
0	14	14	14	14	14	14	14	14	14	14	14	14	14	1	14	14	14	14	14	14	14	1	14	14	14	14	14	14	0
0	14	0	0	0	0	0	0	0	0	0	0	0	14	1	14	0	0	0	0	0	14	1	14	0	0	0	0	14	0
0	14	0	-1	-1	-1	-1	-1	-1	-1	-1	-1	0	14	1	14	0	-1	-1	-1	0	14	1	14	0	-1	-1	0	14	0
0	14	0	0	0	0	0	0	0	0	0	0	0	14	1	14	0	0	0	0	0	14	1	14	0	0	0	0	14	0
0	14	14	14	14	14	14	14	14	14	14	14	14	14	1	14	14	14	14	14	14	14	1	14	14	14	14	14	14	0
0	14	1	1	1	1	1	1	1	1	1	1	1	1	1	1   1	1	1	1	1	1	1	1   1	1	1	1	14	0
0	14	14	14	14	14	14	14	14	14	14	14	14	14	14	14	14	14	14	14	14	14	14	14	14	14	14	14	14	0
0	0	0	0	0	0	0	0	0	0	0	0	0	0	0	0	0	0	0	0	0	0	0	0	0	0	0	0	0	0
